mE: 0.370000
mL: 0.150000
mP: 0.300000
mA: 0.250000
aE: 0.178571
aL: 0.057143
aP: 0.117647
mu: 15.000000
r: 0.052583
gamma: 2.052609
lambd: 0.000000
Beta: 0.000000
Sigma: 0.009451
DataFileID: 206