mE: 0.370000
mL: 0.150000
mP: 0.300000
mA: 0.250000
aE: 0.178571
aL: 0.057143
aP: 0.117647
mu: 15.000000
mT: 0.142857
mD: 0.047619
r: 0.049348
gamma: 1.233945
lambd: 0.000000
Sigma: 0.010896
aD: 0.000010
aT: 0.001776
DataFileID: 206