mE: 0.370000
mL: 0.150000
mP: 0.300000
mA: 0.250000
aE: 0.178571
aL: 0.057143
aP: 0.117647
mu: 15.000000
A0: 0.038664
r: 0.079028
gamma: 0.458767
lambd: 0.000000
Beta: 0.000000
DataFileID: 206mE: 0.370000
mL: 0.150000
mP: 0.300000
mA: 0.250000
aE: 0.178571
aL: 0.057143
aP: 0.117647
mu: 15.000000
A0: 0.038664
r: 0.079028
gamma: 0.458767
lambd: 0.000000
Beta: 0.000000
DataFileID: 206