mE: 0.370000
mL: 0.150000
mP: 0.300000
mA: 0.250000
aE: 0.178571
aL: 0.057143
aP: 0.117647
mu: 15.000000
A0: 0.026300
r: 0.090800
gamma: 0.781400
lambd: 0.000915
Beta: 0.000104
DataFileID: 143mE: 0.370000
mL: 0.150000
mP: 0.300000
mA: 0.250000
aE: 0.178571
aL: 0.057143
aP: 0.117647
mu: 15.000000
A0: 0.026300
r: 0.090800
gamma: 0.781400
lambd: 0.000915
Beta: 0.000104
DataFileID: 143